894
924
444
903
609
971
648
988
498
388
175
811
871
919
246
642
55
784
14
929
308
662
90
870
292
285
461
374
471
61
224
92
748
746
149
299
313
792
814
635
671
489
230
319
373
484
813
280
406
832
698
169
409
117
22
725
349
209
719
797
382
242
537
906
463
899
132
475
664
339
589
502
770
50
618
437
509
918
113
371
135
277
989
41
587
603
372
278
353
469
10
26
886
644
787
872
112
490
266
399
409
662
100
176
213
319
91
240
238
542
109
496
838
754
677
303
351
724
427
912
150
392
1000
278
309
175
977
52
698
660
721
942
156
270
201
682
780
908
857
976
198
1000
377
253
849
789
481
372
894
970
